real : 0.09433962, imag : -0.03018868
real : 0.09433962, imag : -0.03018868
real : 0.09433962, imag : -0.03018868
real : 0.09433962, imag : -0.03018868
